0	1378873040
1	1378873043
2	1378873046
3	1378873049
4	1378873052
5	1378873055
6	1378873058
7	1378873061
8	1378873064
9	1378873067
10	1378873070
11	1378873073
12	1378873076
13	1378873079
14	1378873082
15	1378873085
16	1378873088
17	1378873091
18	1378873094
19	1378873097
20	1378873100
21	1378873103
22	1378873106
23	1378873109
24	1378873112
25	1378873115
26	1378873118
27	1378873121
28	1378873124
29	1378873127
30	1378873130
31	1378873133
32	1378873136
33	1378873139
34	1378873142
35	1378873145
36	1378873148
37	1378873151
38	1378873154
39	1378873157
40	1378873160
41	1378873163
42	1378873166
43	1378873169
44	1378873172
45	1378873175
46	1378873178
47	1378873181
48	1378873184
49	1378873187
50	1378873190
51	1378873193
52	1378873196
53	1378873199
54	1378873202
55	1378873205
56	1378873208
57	1378873211
58	1378873214
59	1378873217
60	1378873220
61	1378873223
62	1378873226
63	1378873229
64	1378873232
65	1378873235
66	1378873238
67	1378873241
68	1378873244
69	1378873247
70	1378873250
71	1378873253
72	1378873256
73	1378873259
74	1378873262
75	1378873265
76	1378873268
77	1378873271
78	1378873274
79	1378873277
80	1378873280
81	1378873283
82	1378873286
83	1378873289
84	1378873292
85	1378873295
86	1378873298
87	1378873301
88	1378873304
89	1378873307
90	1378873310
91	1378873313
92	1378873316
93	1378873319
94	1378873322
95	1378873325
96	1378873328
97	1378873331
98	1378873334
99	1378873337
100	1378873340
101	1378873343
102	1378873346
103	1378873349
104	1378873352
105	1378873355
106	1378873358
107	1378873361
108	1378873364
109	1378873367
110	1378873370
111	1378873373
112	1378873376
113	1378873379
114	1378873382
115	1378873385
116	1378873388
117	1378873391
118	1378873394
119	1378873397
120	1378873400
121	1378873403
122	1378873406
123	1378873409
124	1378873412
125	1378873415
126	1378873418
127	1378873421
128	1378873424
129	1378873427
130	1378873430
131	1378873433
132	1378873436
133	1378873439
134	1378873442
135	1378873445
136	1378873448
137	1378873451
138	1378873454
139	1378873457
140	1378873460
141	1378873463
142	1378873466
143	1378873469
144	1378873472
145	1378873475
146	1378873478
147	1378873481
148	1378873484
149	1378873487
150	1378873490
151	1378873493
152	1378873496
153	1378873499
154	1378873502
155	1378873505
156	1378873508
157	1378873511
158	1378873514
159	1378873517
160	1378873520
161	1378873523
162	1378873526
163	1378873529
164	1378873532
165	1378873535
166	1378873538
167	1378873541
168	1378873544
169	1378873547
170	1378873550
171	1378873553
172	1378873556
173	1378873559
174	1378873562
175	1378873565
176	1378873568
177	1378873571
178	1378873574
179	1378873577
180	1378873580
181	1378873583
182	1378873586
183	1378873589
184	1378873592
185	1378873595
186	1378873598
187	1378873601
188	1378873604
189	1378873607
190	1378873610
191	1378873613
192	1378873616
193	1378873619
194	1378873622
195	1378873625
196	1378873628
197	1378873631
198	1378873634
199	1378873637
200	1378873640
201	1378873643
202	1378873646
203	1378873649
204	1378873652
205	1378873655
206	1378873658
207	1378873661
208	1378873664
209	1378873667
210	1378873670
211	1378873673
212	1378873676
213	1378873679
214	1378873682
215	1378873685
216	1378873688
217	1378873691
218	1378873694
219	1378873697
220	1378873700
221	1378873703
222	1378873706
223	1378873709
224	1378873712
225	1378873715
226	1378873718
227	1378873721
228	1378873724
229	1378873727
230	1378873730
231	1378873733
232	1378873736
233	1378873739
234	1378873742
235	1378873745
236	1378873748
237	1378873751
238	1378873754
239	1378873757
240	1378873760
241	1378873763
242	1378873766
243	1378873769
244	1378873772
245	1378873775
246	1378873778
247	1378873781
248	1378873784
249	1378873787
250	1378873790
251	1378873793
252	1378873796
253	1378873799
254	1378873802
255	1378873805
